Denon Power On:
Protocol  : DENON
                 Code      : 0x2A4C028A0088 (48 Bits)
                                                     uint16_t rawData[99] = {3348, 1730,  424, 416,  426, 418,  400, 1316,  402, 416,  400, 1316,  400, 418,  426, 1290,  400, 418,  398, 446,  422, 1294,  400, 418,  426, 418,  426, 1290,  400, 1292,  400, 418,  422, 422,  424, 418,  400, 444,  424, 420,  426, 416,  426, 416,  400, 430,  440, 1292,  400, 416,  400, 1318,  400, 418,  426, 418,  424, 418,  400, 1318,  400, 418,  424, 1292,  400, 418,  424, 352,  494, 416,  426, 418,  426, 418,  424, 418,  400, 444,  426, 420,  398, 444,  424, 1292,  400, 418,  426, 418,  426, 416,  426, 1290,  400, 418,  426, 416,  428, 418,  426};  // DENON 2A4C028A0088
                                           uint32_t address = 0x2A4C;
                                                                     uint32_t command = 0x28A0088;
                                                                                                  uint64_t data = 0x2A4C028A0088;

Denon Volume Up:
Protocol  : DENON
                 Code      : 0x2A4C0280E86A (48 Bits)
                                                     uint16_t rawData[99] = {3352, 1726,  436, 432,  412, 432,  412, 1278,  414, 430,  414, 1276,  412, 432,  414, 1276,  440, 404,  438, 406,  440, 1252,  440, 402,  440, 402,  442, 1250,  440, 1250,  442, 400,  442, 402,  442, 402,  442, 402,  442, 402,  442, 400,  442, 402,  442, 400,  442, 1250,  442, 402,  442, 1250,  440, 402,  442, 402,  440, 402,  442, 402,  442, 402,  442, 402,  440, 404,  440, 1252,  434, 1256,  438, 1230,  462, 402,  440, 1228,  462, 404,  438, 406,  436, 406,  436, 406,  436, 1228,  462, 1228,  462, 406,  436, 1230,  458, 408,  434, 1232,  458, 408,  436};  // DENON 2A4C0280E86A
                                               uint32_t address = 0x2A4C;
                                                                         uint32_t command = 0x280E86A;
                                                                                                      uint64_t data = 0x2A4C0280E86A;

Denon Volume Down:
Protocol  : DENON
                 Code      : 0x2A4C0288E862 (48 Bits)
                                                     uint16_t rawData[99] = {3350, 1726,  426, 420,  426, 418,  426, 1264,  426, 420,  422, 1264,  426, 422,  422, 1262,  426, 444,  376, 468,  376, 1288,  402, 468,  400, 418,  402, 1288,  426, 1266,  426, 418,  424, 444,  398, 420,  426, 420,  422, 418,  426, 444,  398, 420,  426, 418,  424, 1266,  402, 468,  376, 1288,  424, 446,  396, 446,  398, 422,  424, 1262,  426, 446,  374, 446,  398, 444,  422, 1264,  404, 1288,  402, 1288,  402, 468,  374, 1290,  402, 446,  398, 446,  400, 468,  374, 468,  374, 1290,  400, 1290,  402, 466,  376, 468,  398, 446,  376, 1288,  400, 468,  376};  // DENON 2A4C0288E862
                                               uint32_t address = 0x2A4C;
                                                                         uint32_t command = 0x288E862;
                                                                                                      uint64_t data = 0x2A4C0288E862;

Denon Mute:
Protocol  : DENON
                 Code      : 0x2A4C0284E86E (48 Bits)
                                                     uint16_t rawData[99] = {3350, 1728,  430, 438,  408, 436,  408, 1282,  410, 434,  412, 1278,  414, 430,  430, 1260,  438, 406,  440, 404,  440, 1250,  440, 402,  440, 402,  442, 1250,  442, 1248,  442, 402,  442, 400,  442, 402,  444, 400,  442, 400,  444, 400,  442, 402,  442, 400,  442, 1250,  442, 402,  442, 1250,  442, 402,  442, 402,  440, 404,  440, 402,  440, 1252,  438, 404,  438, 406,  438, 1228,  462, 1228,  462, 1228,  462, 406,  438, 1230,  462, 406,  436, 408,  436, 406,  436, 406,  436, 1230,  462, 1230,  462, 408,  434, 1230,  458, 1232,  462, 1230,  456, 414,  430};  // DENON 2A4C0284E86E
                                                 uint32_t address = 0x2A4C;
                                                                           uint32_t command = 0x284E86E;
                                                                                                        uint64_t data = 0x2A4C0284E86E;

Denon CBL/SAT:
Protocol  : DENON
                 Code      : 0x2A4C028CB43A (48 Bits)
                                                     uint16_t rawData[99] = {3372, 1704,  402, 468,  376, 468,  374, 1290,  400, 468,  374, 1290,  424, 444,  376, 1288,  402, 468,  400, 444,  374, 1290,  402, 466,  376, 444,  400, 1290,  400, 1290,  422, 446,  376, 468,  374, 468,  374, 468,  376, 468,  374, 468,  400, 444,  376, 468,  374, 1290,  400, 470,  376, 1290,  400, 468,  376, 468,  376, 468,  374, 1292,  400, 1288,  402, 468,  376, 468,  376, 1290,  398, 470,  374, 1292,  398, 1292,  398, 468,  374, 1294,  398, 466,  376, 468,  374, 470,  374, 468,  376, 1292,  398, 1314,  376, 1316,  376, 464,  380, 1310,  378, 466,  380};  // DENON 2A4C028CB43A
                                                 uint32_t address = 0x2A4C;
                                                                           uint32_t command = 0x28CB43A;
                                                                                                        uint64_t data = 0x2A4C028CB43A;                                                                                                    

Denon DVD/Blu-Ray:
Protocol  : DENON
                 Code      : 0x2A4C0280B436 (48 Bits)
                                                     uint16_t rawData[99] = {3350, 1726,  402, 466,  400, 444,  400, 1264,  426, 372,  448, 1288,  428, 442,  388, 1276,  424, 444,  402, 364,  454, 1288,  402, 446,  398, 468,  376, 1286,  426, 1266,  400, 468,  400, 444,  400, 420,  400, 468,  400, 444,  400, 444,  376, 468,  376, 468,  400, 1264,  426, 442,  374, 1290,  426, 444,  400, 444,  376, 468,  376, 468,  400, 444,  376, 446,  398, 468,  396, 1268,  402, 468,  398, 1266,  402, 1290,  424, 444,  376, 1288,  426, 444,  376, 446,  396, 468,  374, 468,  400, 1264,  402, 1290,  402, 468,  376, 1290,  400, 1290,  426, 442,  398};  // DENON 2A4C0280B436
                                               uint32_t address = 0x2A4C;
                                                                         uint32_t command = 0x280B436;
                                                                                                      uint64_t data = 0x2A4C0280B436;

Denon Blu-ray:
Protocol  : DENON
                 Code      : 0x2A4C0288B43E (48 Bits)
                                                     uint16_t rawData[99] = {3348, 1726,  430, 414,  406, 436,  428, 1262,  404, 360,  482, 1286,  430, 414,  408, 1280,  428, 416,  428, 414,  406, 1284,  430, 414,  428, 310,  510, 1286,  426, 1264,  428, 414,  426, 418,  428, 416,  404, 356,  488, 440,  404, 440,  428, 416,  404, 440,  404, 1286,  426, 418,  428, 1264,  404, 442,  426, 306,  514, 438,  428, 1264,  428, 416,  428, 416,  426, 416,  406, 1286,  404, 440,  404, 1286,  404, 1288,  428, 416,  404, 1286,  404, 440,  404, 440,  404, 440,  404, 442,  402, 1286,  404, 1288,  426, 1264,  404, 1288,  402, 1288,  402, 442,  402};  // DENON 2A4C0288B43E
                                                 uint32_t address = 0x2A4C;
                                                                           uint32_t command = 0x288B43E;
                                                                                                        uint64_t data = 0x2A4C0288B43E;

Denon GAME:
Protocol  : DENON
                 Code      : 0x2A4C028AB43C (48 Bits)
                                                     uint16_t rawData[99] = {3350, 1730,  422, 418,  400, 444,  398, 1320,  400, 416,  400, 1318,  400, 418,  426, 1292,  400, 416,  400, 446,  398, 1320,  398, 418,  398, 444,  398, 1320,  400, 1292,  400, 416,  400, 444,  398, 446,  398, 446,  396, 446,  398, 446,  398, 446,  398, 444,  398, 1318,  400, 416,  400, 1320,  400, 416,  400, 446,  424, 418,  402, 1316,  400, 418,  426, 1292,  398, 418,  426, 1292,  400, 308,  536, 1292,  398, 1292,  400, 308,  536, 1292,  400, 416,  426, 304,  540, 418,  426, 306,  538, 1290,  400, 1292,  400, 1290,  400, 1290,  400, 420,  424, 310,  534};  // DENON 2A4C028AB43C
                                                 uint32_t address = 0x2A4C;
                                                                           uint32_t command = 0x28AB43C;
                                                                                                        uint64_t data = 0x2A4C028AB43C;

Denon Media Player:
Protocol  : DENON
                 Code      : 0x2A4C0286B430 (48 Bits)
                                                     uint16_t rawData[99] = {3350, 1728,  426, 416,  426, 418,  426, 1290,  400, 416,  426, 1268,  424, 418,  426, 1268,  422, 308,  536, 418,  424, 1266,  426, 418,  426, 310,  534, 1268,  424, 1266,  424, 308,  536, 312,  530, 314,  530, 418,  426, 416,  426, 418,  426, 418,  424, 420,  426, 1266,  424, 308,  536, 1266,  424, 418,  424, 418,  402, 366,  500, 418,  426, 1264,  426, 1266,  422, 420,  426, 1268,  422, 418,  424, 1266,  426, 1264,  426, 416,  426, 1266,  422, 420,  426, 418,  426, 418,  424, 418,  426, 1264,  426, 1268,  400, 442,  424, 420,  424, 420,  400, 372,  496};  // DENON 2A4C0286B430
                                               uint32_t address = 0x2A4C;
                                                                         uint32_t command = 0x286B430;
                                                                                                      uint64_t data = 0x2A4C0286B430;